front_range.asc
ncols        592
nrows        382
xllcorner    -109.875000000000
yllcorner    37.925000000000
cellsize     0.016666666667
[rows 0 to 37 of 382, columns 172 to 257 of 592]
2554 2462 2441 2396 2339 2329 2367 2341 2286 2193 2128 1842 1733 1708 1670 1621 1590 1557 1522 1494 1508 1503 1465 1451 1433 1412 1406 1395 1390 1406 1386 1371 1361 1344 1314 1288 1291 1306 1347 1403 1385 1353 1339 1315 1307 1314 1293 1274 1253 1241 1232 1212 1189 1196 1242 1277 1322 1325 1336 1332 1332 1315 1316 1331 1342 1371 1399 1404 1419 1441 1418 1406 1386 1382 1401 1376 1402 1398 1415 1430 1436 1463 1461 1476 1460 1451
2617 2520 2472 2432 2397 2399 2407 2357 2310 2243 2167 1884 1781 1706 1702 1690 1635 1580 1540 1532 1563 1505 1494 1496 1482 1427 1406 1401 1385 1388 1363 1347 1334 1335 1314 1292 1325 1324 1354 1392 1374 1365 1343 1348 1354 1351 1331 1312 1284 1253 1236 1207 1198 1220 1265 1305 1317 1362 1372 1369 1358 1364 1337 1351 1381 1371 1371 1399 1424 1444 1422 1403 1399 1409 1431 1399 1393 1423 1432 1438 1443 1450 1449 1448 1446 1430
2645 2576 2503 2448 2472 2443 2424 2394 2337 2300 2199 1948 1800 1726 1719 1786 1697 1613 1568 1561 1568 1557 1561 1548 1493 1454 1423 1405 1388 1374 1351 1350 1343 1320 1296 1320 1344 1348 1367 1411 1398 1397 1364 1377 1378 1348 1308 1275 1259 1255 1244 1196 1225 1252 1274 1309 1357 1365 1354 1350 1380 1385 1375 1366 1393 1407 1407 1403 1411 1439 1435 1413 1434 1435 1447 1438 1400 1408 1433 1454 1460 1456 1449 1441 1430 1426
2646 2554 2527 2588 2525 2503 2459 2399 2339 2219 2144 1970 1775 1691 1655 1664 1672 1638 1597 1555 1523 1507 1524 1519 1489 1460 1444 1410 1388 1367 1349 1334 1336 1312 1309 1334 1366 1375 1373 1401 1419 1414 1396 1385 1359 1322 1299 1300 1301 1304 1259 1208 1213 1267 1280 1292 1310 1309 1312 1304 1335 1338 1387 1384 1397 1435 1446 1450 1444 1447 1453 1443 1446 1474 1467 1450 1417 1428 1425 1439 1460 1464 1456 1451 1445 1461
2633 2636 2651 2586 2580 2542 2485 2420 2367 2306 2108 1872 1750 1669 1622 1603 1587 1580 1561 1548 1516 1493 1476 1481 1483 1464 1434 1411 1398 1371 1370 1358 1349 1318 1312 1338 1344 1373 1397 1416 1426 1426 1418 1384 1350 1350 1339 1338 1323 1284 1250 1209 1228 1226 1235 1240 1251 1259 1265 1272 1291 1315 1340 1366 1395 1418 1439 1433 1426 1440 1445 1469 1466 1468 1489 1466 1429 1434 1450 1448 1464 1478 1478 1467 1466 1470
2783 2690 2616 2552 2518 2498 2473 2403 2285 2236 2024 1791 1730 1675 1619 1579 1564 1547 1540 1518 1493 1475 1459 1458 1467 1444 1420 1394 1373 1364 1361 1370 1352 1312 1337 1346 1368 1373 1383 1406 1422 1393 1393 1401 1396 1386 1370 1348 1333 1311 1268 1218 1221 1236 1264 1271 1275 1280 1299 1292 1289 1288 1297 1322 1349 1386 1396 1394 1388 1404 1414 1458 1478 1486 1489 1489 1453 1458 1451 1470 1478 1472 1468 1477 1473 1484
2775 2646 2600 2537 2486 2429 2408 2284 2207 2093 1899 1770 1697 1652 1622 1590 1550 1526 1516 1532 1502 1475 1458 1437 1427 1413 1407 1400 1372 1361 1360 1368 1344 1318 1343 1369 1373 1383 1396 1415 1432 1406 1368 1355 1363 1363 1346 1321 1299 1285 1274 1228 1222 1238 1269 1289 1310 1315 1336 1316 1325 1336 1317 1308 1324 1353 1353 1355 1364 1385 1402 1429 1468 1489 1496 1501 1498 1483 1473 1485 1482 1467 1459 1455 1464 1460
2641 2602 2603 2535 2460 2391 2351 2344 2349 2233 1982 1743 1684 1636 1587 1550 1536 1532 1511 1506 1520 1494 1486 1463 1447 1418 1396 1383 1384 1368 1365 1369 1326 1343 1364 1372 1384 1396 1414 1417 1420 1425 1396 1362 1330 1320 1310 1292 1279 1273 1262 1227 1231 1264 1275 1304 1317 1341 1358 1348 1359 1368 1339 1340 1327 1329 1357 1370 1370 1376 1392 1415 1438 1446 1461 1479 1514 1525 1494 1491 1487 1481 1472 1460 1440 1433
2604 2567 2534 2492 2457 2428 2382 2348 2391 2307 2100 1804 1705 1640 1567 1530 1511 1507 1502 1489 1525 1496 1470 1451 1428 1438 1426 1385 1376 1392 1383 1346 1328 1364 1372 1382 1401 1404 1416 1415 1402 1407 1406 1395 1377 1341 1330 1324 1313 1314 1280 1228 1241 1284 1309 1321 1349 1375 1394 1377 1393 1376 1384 1372 1363 1352 1341 1370 1394 1397 1410 1428 1432 1443 1457 1487 1516 1531 1503 1479 1466 1467 1473 1474 1465 1437
2580 2530 2518 2486 2479 2463 2366 2328 2223 2212 2044 1828 1702 1637 1592 1548 1515 1485 1477 1498 1520 1500 1458 1439 1413 1415 1424 1412 1379 1372 1364 1335 1345 1367 1386 1402 1406 1416 1404 1421 1406 1379 1372 1376 1394 1375 1367 1358 1353 1304 1268 1237 1255 1272 1289 1309 1335 1360 1398 1395 1418 1416 1419 1430 1394 1372 1369 1357 1368 1387 1404 1415 1443 1460 1483 1494 1524 1530 1518 1502 1490 1470 1459 1448 1450 1457
2565 2505 2466 2429 2407 2378 2357 2405 2330 2300 2153 1827 1684 1627 1603 1556 1528 1498 1463 1466 1497 1486 1458 1429 1416 1401 1419 1406 1399 1372 1340 1355 1374 1375 1390 1409 1419 1405 1403 1393 1387 1390 1361 1338 1364 1344 1338 1329 1329 1298 1247 1237 1242 1264 1283 1290 1322 1334 1359 1352 1395 1394 1394 1434 1431 1412 1396 1402 1384 1393 1423 1445 1438 1452 1468 1490 1533 1521 1494 1481 1489 1485 1474 1464 1439 1426
2576 2506 2472 2440 2418 2386 2313 2254 2296 2279 2226 1923 1674 1593 1560 1538 1505 1493 1474 1444 1464 1460 1440 1427 1409 1417 1397 1385 1370 1353 1357 1366 1383 1397 1409 1417 1418 1392 1390 1373 1365 1356 1351 1339 1321 1316 1299 1291 1297 1276 1239 1251 1290 1286 1284 1296 1289 1295 1305 1325 1353 1356 1384 1392 1426 1444 1434 1439 1416 1409 1407 1427 1456 1471 1477 1501 1530 1511 1489 1484 1470 1473 1467 1469 1450 1427
2543 2495 2463 2425 2413 2404 2370 2293 2276 2141 2099 2040 1684 1575 1535 1509 1497 1475 1457 1455 1428 1422 1417 1418 1424 1405 1378 1365 1364 1361 1383 1389 1394 1409 1422 1416 1403 1384 1374 1361 1363 1361 1348 1328 1312 1299 1299 1295 1275 1256 1246 1277 1297 1324 1316 1340 1327 1328 1327 1319 1328 1333 1347 1366 1398 1408 1417 1444 1455 1460 1444 1431 1440 1462 1493 1518 1521 1500 1485 1474 1467 1458 1453 1444 1439 1432
2532 2492 2469 2429 2384 2354 2261 2296 2294 2191 1931 1747 1740 1616 1596 1550 1540 1509 1480 1447 1425 1429 1419 1397 1389 1382 1377 1392 1393 1375 1401 1415 1403 1411 1433 1419 1400 1405 1391 1395 1397 1369 1344 1329 1316 1333 1346 1335 1303 1256 1261 1294 1327 1324 1347 1373 1362 1358 1363 1345 1365 1362 1364 1367 1369 1375 1395 1418 1435 1456 1469 1471 1472 1475 1491 1524 1538 1506 1493 1489 1490 1482 1479 1472 1468 1451
2560 2500 2453 2418 2400 2372 2362 2281 2185 2163 2156 1774 1620 1577 1546 1522 1502 1487 1466 1453 1431 1416 1413 1412 1407 1405 1415 1412 1402 1383 1399 1417 1422 1424 1433 1418 1419 1420 1407 1408 1383 1348 1355 1343 1348 1367 1368 1337 1299 1260 1278 1308 1338 1363 1375 1386 1390 1399 1396 1379 1397 1405 1384 1398 1398 1403 1394 1398 1413 1433 1449 1478 1497 1521 1510 1535 1530 1523 1501 1493 1491 1476 1468 1455 1450 1442
2574 2539 2493 2441 2386 2363 2383 2349 2312 2299 2201 1880 1628 1589 1535 1516 1503 1491 1459 1440 1422 1416 1431 1449 1445 1436 1440 1424 1421 1402 1390 1409 1433 1436 1431 1422 1425 1410 1394 1389 1365 1361 1390 1362 1386 1377 1335 1319 1302 1272 1269 1301 1315 1331 1334 1340 1358 1381 1402 1416 1428 1436 1422 1420 1431 1418 1430 1428 1417 1428 1451 1460 1477 1518 1555 1535 1527 1509 1504 1489 1487 1479 1483 1478 1471 1469
2494 2488 2492 2445 2392 2363 2372 2335 2295 2233 1900 1725 1621 1590 1560 1555 1524 1501 1465 1455 1432 1426 1445 1461 1473 1470 1452 1431 1415 1400 1397 1412 1437 1448 1447 1434 1419 1409 1394 1379 1389 1373 1394 1389 1394 1356 1346 1332 1316 1278 1274 1290 1297 1302 1310 1316 1333 1350 1383 1386 1414 1437 1448 1459 1468 1445 1457 1452 1452 1435 1436 1450 1470 1495 1528 1551 1539 1547 1522 1514 1511 1496 1497 1502 1494 1488
2433 2421 2403 2384 2383 2389 2389 2360 2316 2268 1968 1707 1656 1626 1581 1549 1525 1505 1468 1461 1437 1439 1457 1493 1487 1483 1443 1427 1419 1413 1410 1409 1420 1439 1453 1432 1414 1404 1401 1403 1404 1380 1401 1409 1401 1384 1353 1324 1311 1283 1281 1323 1341 1339 1352 1356 1341 1336 1349 1381 1396 1418 1415 1442 1449 1453 1466 1477 1483 1471 1455 1465 1471 1481 1511 1555 1567 1545 1529 1511 1504 1503 1503 1503 1503 1494
2400 2339 2356 2315 2247 2364 2444 2407 2394 2314 2153 1768 1697 1620 1579 1556 1528 1503 1479 1457 1448 1458 1478 1517 1513 1507 1473 1450 1435 1429 1419 1415 1424 1437 1453 1438 1433 1419 1417 1423 1408 1401 1410 1423 1389 1357 1340 1330 1318 1290 1276 1308 1329 1369 1384 1388 1358 1369 1351 1356 1365 1379 1393 1410 1414 1421 1439 1453 1468 1492 1489 1477 1495 1498 1505 1535 1562 1556 1539 1525 1498 1492 1490 1485 1482 1484
2479 2407 2320 2199 2213 2117 2348 2448 2407 2307 2211 1846 1709 1641 1593 1570 1527 1513 1480 1473 1469 1485 1512 1565 1547 1550 1495 1463 1442 1440 1423 1424 1433 1444 1435 1441 1424 1425 1430 1430 1421 1418 1406 1416 1392 1364 1350 1335 1322 1308 1278 1285 1317 1337 1357 1396 1381 1402 1394 1381 1391 1383 1379 1404 1419 1426 1432 1444 1452 1468 1494 1511 1510 1524 1534 1534 1528 1546 1537 1521 1502 1494 1482 1477 1470 1463
2423 2406 2390 2287 2139 2042 2055 2313 2407 2332 2272 1932 1715 1660 1599 1562 1535 1520 1491 1489 1494 1502 1528 1566 1547 1539 1508 1488 1458 1443 1435 1439 1444 1437 1419 1415 1423 1400 1407 1411 1391 1391 1386 1387 1384 1385 1370 1358 1357 1327 1298 1283 1330 1359 1374 1404 1409 1417 1421 1409 1409 1417 1394 1399 1409 1422 1440 1458 1478 1481 1482 1498 1526 1543 1548 1533 1520 1525 1519 1511 1513 1512 1507 1506 1497 1493
2432 2360 2305 2306 2237 2064 1913 2050 2344 2348 2285 1964 1714 1630 1573 1545 1531 1515 1515 1514 1512 1526 1577 1580 1558 1563 1518 1488 1472 1459 1455 1446 1449 1425 1407 1396 1421 1393 1381 1389 1384 1367 1372 1364 1364 1361 1368 1351 1332 1323 1294 1291 1319 1342 1364 1392 1433 1433 1459 1441 1428 1442 1410 1413 1433 1427 1426 1437 1457 1480 1492 1514 1545 1541 1533 1540 1519 1504 1518 1504 1489 1503 1495 1501 1502 1488
2479 2439 2386 2375 2230 2105 1901 1838 2056 2284 2321 2017 1760 1674 1593 1568 1555 1551 1550 1543 1527 1542 1593 1577 1534 1537 1508 1482 1463 1459 1463 1436 1430 1428 1422 1400 1394 1392 1375 1365 1364 1353 1355 1347 1347 1348 1340 1350 1333 1300 1295 1325 1345 1370 1397 1410 1429 1450 1480 1487 1463 1453 1426 1419 1454 1462 1449 1443 1456 1464 1477 1501 1545 1556 1533 1515 1507 1497 1488 1487 1481 1472 1472 1475 1484 1475
2506 2470 2439 2432 2307 2185 1958 1758 1800 1921 2022 1899 1747 1703 1642 1607 1635 1638 1614 1598 1569 1564 1589 1568 1515 1494 1480 1471 1460 1449 1451 1447 1419 1416 1404 1395 1378 1374 1366 1361 1356 1348 1346 1336 1329 1328 1319 1319 1326 1300 1293 1308 1325 1349 1373 1377 1400 1432 1462 1463 1486 1468 1437 1443 1460 1483 1473 1475 1467 1492 1486 1498 1522 1558 1535 1525 1516 1509 1504 1496 1499 1489 1482 1470 1460 1452
2499 2420 2432 2454 2342 2231 2012 1791 1716 1708 1803 1771 1750 1712 1690 1691 1696 1692 1676 1638 1606 1573 1566 1576 1534 1501 1479 1459 1448 1436 1426 1422 1412 1402 1396 1395 1402 1391 1390 1381 1372 1375 1365 1356 1345 1342 1336 1323 1306 1291 1315 1340 1340 1333 1342 1377 1399 1402 1411 1434 1467 1487 1457 1449 1466 1489 1504 1499 1483 1498 1519 1521 1528 1553 1550 1550 1539 1540 1523 1524 1520 1505 1481 1472 1455 1464
2414 2413 2372 2474 2335 2227 2054 1852 1745 1691 1666 1696 1719 1701 1675 1686 1685 1675 1650 1654 1624 1594 1550 1562 1556 1516 1484 1467 1449 1442 1433 1428 1429 1419 1408 1421 1415 1410 1410 1400 1394 1394 1376 1362 1364 1365 1358 1331 1296 1308 1327 1346 1372 1366 1366 1357 1369 1395 1417 1433 1469 1500 1495 1476 1475 1476 1493 1516 1514 1511 1524 1549 1552 1552 1545 1550 1541 1550 1532 1521 1502 1500 1474 1467 1471 1483
2365 2400 2333 2475 2363 2278 2115 1902 1740 1698 1671 1638 1639 1647 1627 1625 1619 1614 1585 1596 1618 1590 1562 1529 1547 1527 1494 1479 1468 1457 1457 1456 1452 1436 1426 1436 1419 1413 1409 1401 1394 1392 1380 1354 1341 1354 1337 1318 1298 1329 1355 1361 1387 1398 1402 1391 1375 1403 1419 1441 1473 1508 1538 1516 1511 1493 1509 1522 1544 1541 1550 1546 1540 1532 1527 1520 1520 1519 1521 1497 1489 1485 1474 1481 1493 1503
2380 2378 2293 2402 2380 2278 2174 1983 1798 1725 1681 1640 1612 1606 1606 1592 1591 1588 1562 1547 1577 1602 1565 1516 1535 1533 1535 1511 1497 1483 1481 1465 1461 1459 1454 1452 1433 1412 1392 1379 1367 1365 1380 1366 1339 1324 1310 1301 1313 1328 1343 1371 1394 1426 1439 1413 1392 1398 1435 1459 1484 1510 1535 1559 1533 1527 1519 1548 1562 1564 1548 1542 1534 1528 1520 1516 1506 1498 1493 1486 1482 1482 1496 1492 1510 1519
2280 2323 2268 2191 2181 2273 2257 2068 1856 1749 1715 1678 1639 1597 1572 1578 1572 1570 1573 1534 1530 1547 1553 1510 1499 1521 1551 1542 1504 1481 1466 1458 1448 1438 1441 1441 1434 1428 1408 1396 1377 1354 1351 1352 1332 1308 1309 1323 1344 1350 1351 1358 1385 1411 1442 1433 1423 1401 1424 1466 1477 1495 1579 1651 1572 1546 1537 1568 1582 1566 1561 1559 1555 1540 1526 1514 1512 1517 1508 1498 1484 1491 1520 1501 1514 1534
2170 2144 2306 2205 2037 1970 2160 2146 1937 1774 1777 1680 1642 1607 1574 1563 1565 1568 1567 1546 1507 1502 1510 1499 1486 1524 1549 1553 1522 1491 1473 1458 1444 1435 1423 1417 1412 1424 1430 1420 1392 1366 1348 1336 1322 1308 1336 1334 1357 1378 1389 1374 1385 1413 1441 1465 1435 1440 1423 1433 1457 1528 1699 1773 1613 1584 1567 1601 1599 1591 1574 1557 1543 1532 1530 1532 1537 1538 1518 1501 1490 1506 1531 1513 1528 1533
2139 2028 2112 2162 2043 1906 1916 2161 2025 1816 1839 1727 1649 1607 1587 1553 1550 1535 1525 1523 1495 1478 1473 1473 1473 1496 1535 1526 1511 1502 1478 1471 1466 1449 1440 1424 1404 1402 1413 1432 1418 1398 1375 1363 1324 1315 1328 1330 1338 1352 1369 1392 1410 1418 1443 1477 1471 1474 1457 1448 1456 1498 1607 1699 1586 1560 1582 1607 1593 1576 1561 1554 1555 1557 1552 1552 1545 1527 1507 1498 1499 1520 1535 1527 1539 1558
2093 1985 1872 1878 1998 1934 1787 1766 1951 1862 1783 1716 1632 1629 1600 1574 1535 1524 1521 1501 1499 1513 1499 1462 1454 1471 1510 1495 1491 1481 1455 1445 1461 1461 1454 1433 1418 1400 1396 1417 1443 1418 1392 1350 1322 1328 1358 1358 1359 1353 1348 1382 1401 1422 1432 1456 1481 1498 1486 1473 1480 1474 1503 1521 1529 1544 1576 1609 1604 1604 1581 1575 1564 1554 1544 1536 1530 1522 1508 1502 1507 1538 1561 1546 1554 1568
2112 1979 1839 1750 1751 1792 1798 1686 1806 1958 1734 1658 1669 1676 1642 1599 1574 1556 1546 1506 1496 1491 1504 1470 1443 1448 1468 1471 1471 1478 1451 1426 1436 1437 1431 1437 1432 1412 1393 1395 1417 1412 1389 1352 1327 1323 1375 1375 1384 1370 1370 1362 1371 1386 1409 1427 1437 1473 1520 1507 1510 1491 1491 1521 1548 1580 1629 1642 1628 1615 1603 1588 1575 1566 1555 1543 1529 1520 1522 1511 1509 1530 1561 1566 1579 1566
2100 1971 1838 1713 1682 1771 1771 1747 1622 1829 1736 1658 1707 1699 1664 1609 1539 1557 1547 1496 1465 1459 1471 1476 1459 1430 1439 1443 1468 1468 1459 1428 1412 1427 1414 1417 1419 1416 1430 1404 1387 1378 1366 1355 1341 1323 1372 1397 1391 1392 1388 1380 1396 1379 1380 1401 1433 1458 1489 1501 1520 1530 1525 1519 1536 1588 1699 1704 1688 1630 1607 1586 1572 1561 1548 1545 1539 1547 1545 1526 1517 1530 1560 1584 1594 1580
2090 1976 1835 1703 1656 1727 1722 1742 1661 1598 1666 1626 1670 1666 1610 1578 1512 1542 1563 1507 1451 1431 1432 1447 1444 1433 1417 1427 1438 1452 1460 1433 1408 1403 1416 1406 1405 1398 1405 1395 1384 1367 1357 1346 1338 1327 1369 1414 1414 1400 1386 1397 1422 1393 1401 1388 1410 1428 1451 1486 1491 1499 1541 1545 1556 1569 1597 1711 1720 1644 1623 1608 1601 1580 1574 1580 1568 1567 1559 1544 1525 1532 1547 1566 1591 1585
2045 1954 1833 1705 1625 1680 1671 1699 1685 1683 1623 1562 1632 1612 1605 1562 1494 1493 1500 1461 1442 1447 1429 1418 1412 1413 1408 1402 1406 1415 1426 1399 1394 1386 1396 1385 1372 1364 1359 1354 1348 1345 1343 1337 1334 1341 1369 1408 1414 1401 1412 1420 1410 1419 1435 1423 1401 1419 1443 1446 1450 1475 1492 1503 1547 1571 1594 1619 1708 1687 1662 1646 1632 1608 1597 1585 1571 1557 1545 1539 1533 1544 1574 1580 1570 1570
2101 1982 1847 1720 1620 1659 1670 1614 1669 1642 1612 1541 1598 1594 1566 1521 1480 1467 1455 1492 1486 1471 1456 1439 1434 1445 1446 1435 1411 1386 1396 1378 1376 1374 1367 1364 1363 1369 1374 1357 1345 1351 1355 1352 1356 1369 1391 1423 1420 1418 1436 1430 1435 1450 1459 1430 1427 1413 1433 1445 1454 1450 1462 1494 1518 1530 1560 1594 1639 1632 1646 1645 1627 1614 1600 1582 1571 1576 1570 1555 1542 1561 1566 1576 1547 1543
2104 1991 1864 1738 1627 1589 1644 1593 1586 1577 1569 1576 1535 1587 1560 1488 1467 1464 1460 1490 1529 1501 1470 1466 1458 1446 1433 1414 1390 1402 1400 1401 1419 1426 1430 1428 1397 1377 1364 1361 1380 1392 1402 1384 1383 1390 1406 1442 1439 1438 1459 1443 1461 1482 1456 1459 1456 1425 1444 1475 1489 1487 1476 1475 1490 1506 1533 1557 1571 1580 1601 1636 1644 1618 1604 1595 1600 1595 1580 1556 1553 1580 1597 1586 1558 1540
