front_range.asc
ncols        592
nrows        382
xllcorner    -109.875000000000
yllcorner    37.925000000000
cellsize     0.016666666667
[rows 190 to 227 of 382, columns 0 to 85 of 592]
2115 2095 2074 2046 2080 2102 2152 2226 2166 2107 2052 2018 1987 1948 1933 1913 1885 1864 1864 1852 1839 1867 1927 1983 2045 2093 2127 2151 2183 2198 2248 2328 2443 2534 2514 2650 2653 2658 2614 2451 2376 2360 2223 2233 2311 2301 2276 2267 2265 2292 2323 2314 2290 2299 2345 2340 2383 2364 2331 2298 2273 2265 2256 2250 2243 2235 2229 2222 2227 2212 2188 2173 2161 2154 2144 2161 2207 2203 2203 2258 2381 2277 2190 2150 2132 2116
2108 2094 2063 2030 2053 2093 2105 2126 2119 2077 2037 2007 1982 1947 1919 1893 1881 1879 1859 1839 1838 1861 1901 1945 2022 2082 2104 2165 2212 2262 2320 2400 2483 2609 2656 2713 2696 2574 2421 2287 2162 2136 2115 2159 2177 2196 2252 2332 2331 2371 2355 2337 2396 2402 2435 2427 2370 2358 2340 2318 2280 2249 2226 2205 2203 2201 2201 2195 2190 2203 2184 2172 2159 2144 2126 2169 2219 2222 2194 2188 2302 2314 2207 2147 2126 2114
2119 2097 2068 2029 2007 2041 2064 2081 2063 2049 2033 2009 1987 1949 1924 1895 1872 1857 1841 1838 1839 1869 1926 1993 2000 2037 2078 2117 2172 2215 2263 2322 2407 2572 2726 2713 2516 2356 2250 2172 2111 2081 2067 2084 2097 2112 2184 2239 2414 2447 2477 2469 2514 2499 2484 2444 2460 2406 2381 2337 2289 2288 2252 2220 2193 2175 2165 2161 2162 2185 2191 2187 2184 2156 2124 2134 2185 2228 2191 2157 2205 2320 2226 2162 2132 2116
2093 2089 2054 2038 2010 1994 2035 2055 2027 2058 2048 1997 1958 1934 1909 1882 1862 1850 1847 1839 1858 1909 1964 2022 2087 2125 2172 2188 2171 2191 2220 2275 2349 2378 2457 2441 2352 2267 2187 2125 2071 2039 2054 2078 2102 2110 2131 2174 2270 2395 2469 2545 2596 2577 2537 2502 2462 2445 2413 2365 2319 2287 2244 2216 2199 2182 2171 2158 2141 2149 2154 2154 2152 2150 2127 2109 2149 2202 2199 2151 2140 2212 2245 2191 2143 2115
2053 2040 2030 2019 1998 1980 1952 1947 1951 2003 2043 2040 2012 1960 1916 1890 1867 1851 1850 1849 1917 1973 2027 2077 2102 2155 2175 2167 2144 2181 2194 2206 2233 2286 2353 2257 2225 2180 2100 2050 2016 2070 2132 2176 2173 2167 2182 2194 2247 2448 2595 2725 2749 2721 2676 2565 2545 2529 2518 2463 2366 2293 2250 2223 2191 2167 2158 2167 2166 2136 2109 2124 2128 2141 2130 2098 2147 2190 2191 2152 2119 2118 2155 2169 2170 2142
2108 2117 2105 2085 2057 2024 2035 2001 1940 1921 1953 1947 2014 1991 1959 1927 1903 1879 1862 1873 1968 2047 2069 2085 2060 2069 2049 2047 2096 2110 2098 2164 2227 2305 2371 2288 2217 2113 2049 2008 2021 2110 2257 2363 2314 2270 2239 2259 2296 2408 2571 2840 2864 2770 2517 2367 2351 2432 2460 2421 2358 2339 2311 2251 2193 2178 2168 2147 2137 2121 2121 2106 2089 2082 2077 2112 2142 2176 2194 2160 2130 2109 2093 2110 2112 2086
2200 2164 2130 2087 2055 2054 2074 2065 2042 1971 1918 1892 1939 1951 1997 1986 1926 1872 1842 1855 1871 1893 1921 1944 1958 1986 1975 1970 1990 2024 2070 2119 2202 2397 2481 2346 2210 2067 1999 1997 2053 2151 2297 2516 2532 2432 2389 2380 2383 2458 2533 2699 2688 2528 2426 2358 2310 2288 2297 2333 2307 2279 2241 2179 2149 2170 2170 2161 2151 2130 2104 2090 2080 2061 2088 2130 2167 2191 2184 2163 2126 2109 2092 2086 2077 2058
2272 2184 2140 2098 2088 2098 2069 2043 2018 1971 1951 1899 1858 1857 1876 1872 1847 1838 1838 1839 1868 1901 1922 1944 1971 1977 1957 1987 2040 2061 2034 2072 2136 2224 2234 2173 2156 2107 1986 2001 2098 2181 2226 2374 2492 2377 2540 2599 2594 2531 2537 2529 2524 2505 2536 2515 2436 2414 2402 2367 2320 2309 2293 2250 2144 2124 2122 2123 2132 2130 2133 2123 2079 2045 2129 2174 2201 2174 2136 2125 2114 2089 2085 2072 2067 2047
2379 2268 2171 2148 2142 2102 2092 2057 1968 1917 1893 1880 1869 1859 1847 1841 1844 1843 1838 1840 1844 1863 1869 1887 1905 1918 1941 1972 1992 2031 2093 2128 2169 2243 2170 2129 2050 1961 1919 1944 1988 2044 2132 2218 2239 2280 2523 2576 2547 2581 2651 2643 2536 2614 2776 2813 2655 2513 2468 2426 2371 2328 2279 2214 2172 2142 2123 2101 2086 2080 2098 2093 2047 2066 2137 2167 2163 2121 2100 2067 2091 2054 2041 2043 2045 2071
2394 2300 2235 2257 2166 2079 2043 2002 1963 1934 1927 1922 1927 1968 1946 1991 1881 1841 1838 1854 1863 1878 1913 1937 1970 2023 2061 2075 2113 2149 2159 2252 2406 2406 2317 2291 2265 2014 1908 1945 1991 2021 2053 2102 2152 2252 2419 2430 2458 2533 2614 2625 2524 2492 2544 2615 2651 2565 2546 2589 2559 2445 2304 2218 2175 2143 2118 2100 2100 2086 2079 2040 2007 2074 2115 2106 2110 2084 2052 2037 2027 2039 2088 2095 2094 2101
2360 2280 2263 2282 2381 2235 2100 2050 1991 1965 1975 2007 2038 1951 1858 1898 1907 1993 2010 1998 1967 2032 2080 2026 1996 2035 1993 2005 2017 2110 2188 2302 2331 2289 2242 2258 2304 2051 1999 2055 2230 2282 2220 2166 2250 2352 2330 2426 2565 2654 2659 2599 2537 2473 2443 2451 2469 2503 2653 2789 2781 2570 2354 2237 2176 2135 2121 2118 2129 2119 2106 2089 2044 2006 2038 2061 2012 2003 2012 2057 2067 2094 2098 2106 2103 2111
2430 2499 2509 2406 2250 2157 2140 2098 2006 1991 2058 2085 1929 1868 1914 2068 2021 2147 2156 2188 2169 2091 2096 1884 1979 1941 1868 1921 1939 1974 2002 2113 2196 2157 2135 2196 2256 2151 2004 1945 2129 2087 2120 2107 2160 2211 2255 2393 2520 2587 2476 2468 2464 2459 2449 2471 2482 2468 2467 2517 2549 2482 2311 2234 2190 2163 2144 2145 2129 2102 2084 2069 2060 2033 1984 1986 2018 2082 2070 2116 2116 2084 2062 2057 2060 2076
2643 2711 2646 2571 2346 2314 2405 2341 2236 2143 2003 1949 2053 1964 1877 1887 2123 2309 2269 2253 2025 1898 1916 1861 1926 1864 1848 1896 1984 1996 1933 1890 1858 1813 1834 1879 1891 1890 1800 1809 1808 1819 1797 1781 1854 1940 2029 2104 2213 2217 2301 2419 2509 2530 2542 2561 2573 2576 2539 2430 2361 2318 2275 2232 2185 2130 2108 2108 2106 2075 2027 1997 2010 1969 1971 2026 2083 2093 2075 2070 2072 2049 2031 2027 2049 2084
2631 2630 2594 2495 2355 2474 2528 2460 2407 2376 2266 2172 2154 2159 2205 1989 2009 2054 2000 2038 1948 2032 2006 1997 2018 1967 1929 1956 1900 1928 1918 1965 1936 1801 1813 1858 1882 1785 1803 1762 1737 1710 1694 1675 1737 1796 1854 1855 1904 1946 2178 2271 2258 2324 2320 2376 2507 2563 2566 2562 2549 2509 2448 2414 2337 2370 2176 2105 2088 2060 2041 1982 1934 1967 2054 2065 2014 2014 2007 1999 2006 2009 2017 2047 2070 2134
2639 2625 2614 2600 2609 2538 2522 2506 2453 2395 2325 2369 2419 2378 2337 2274 2051 2078 2220 2209 2144 2154 2137 2132 2140 2088 2049 2133 2135 2161 2274 2176 2042 1959 1946 1992 2050 2130 1949 1794 1754 1733 1719 1671 1678 1747 1785 1762 1803 1820 1826 1891 1939 2001 2021 2053 2208 2348 2428 2524 2528 2550 2530 2506 2454 2447 2280 2151 2095 2034 1951 1944 1984 2026 2022 2019 1991 1955 1964 1984 1998 2028 2059 2103 2181 2271
2666 2666 2615 2560 2609 2608 2549 2479 2461 2409 2348 2314 2315 2236 2254 2180 2307 2297 2282 2305 2285 2315 2333 2271 2274 2235 2331 2285 2364 2574 2465 2381 2310 2280 2175 2152 2264 2309 2338 2109 1904 1786 1730 1677 1678 1728 1741 1720 1741 1769 1747 1747 1778 1783 1809 1836 1932 2051 2207 2347 2454 2520 2533 2526 2518 2447 2338 2182 2086 2027 1922 1953 2010 1996 1975 1967 1941 1968 2002 2022 2004 2014 2130 2315 2348 2264
2768 2710 2643 2581 2548 2538 2508 2482 2449 2453 2441 2417 2388 2430 2427 2443 2438 2401 2402 2438 2551 2739 2709 2583 2443 2349 2631 2621 2533 2721 2518 2466 2545 2638 2542 2340 2232 2249 2346 2222 2129 1931 1825 1773 1676 1699 1716 1680 1673 1717 1706 1712 1728 1718 1715 1744 1758 1828 1997 2176 2286 2405 2458 2493 2533 2524 2456 2195 2040 2040 1956 1900 1934 1973 1939 1908 1929 2005 2070 2141 2092 2060 2207 2263 2235 2180
2866 2776 2724 2649 2595 2578 2584 2582 2594 2576 2579 2601 2515 2547 2621 2810 2713 2768 2695 2735 2840 2925 2930 2850 2521 2405 2523 2561 2572 2677 2502 2468 2579 2494 2630 2408 2259 2393 2464 2258 2338 2269 2103 2035 1799 1795 1837 1734 1696 1692 1668 1681 1652 1643 1665 1698 1698 1712 1759 1907 2069 2177 2252 2333 2441 2463 2486 2379 2085 2028 1938 1887 1884 1907 1880 1907 1981 2158 2203 2194 2162 2111 2127 2154 2156 2115
2982 2909 2868 2827 2809 2810 2752 2898 2877 2906 2946 2864 2761 2880 2977 3054 2988 2979 2964 2904 2890 2866 2730 2744 2506 2491 2588 2730 2712 2637 2451 2482 2435 2492 2488 2304 2329 2459 2524 2296 2424 2328 2244 2299 1952 1962 2046 2054 2010 1933 1797 1745 1702 1661 1638 1651 1666 1663 1679 1726 1853 2038 2261 2284 2303 2300 2283 2357 2176 2073 1942 1889 1846 1874 1910 1983 2070 2163 2120 2117 2112 2068 2056 2075 2072 2061
3109 3034 2995 3066 3146 3107 2968 3058 3066 3119 3119 3065 3063 3035 3002 3045 2957 2901 2886 2825 2804 2837 2727 2584 2506 2505 2546 2646 2687 2527 2403 2384 2432 2597 2418 2295 2361 2490 2450 2305 2454 2242 2257 2281 2214 2237 2135 2121 2221 2239 2125 1908 1812 1713 1685 1652 1638 1637 1650 1679 1717 1847 2100 2164 2107 2149 2092 2091 2151 2069 1936 1861 1864 1931 2003 2087 2087 2095 2060 2052 2035 2021 1995 2010 2013 2013
3273 3204 3235 3265 3224 3117 3047 3007 3020 3043 3025 3025 3025 2945 2915 2935 2978 2866 2808 2772 2790 2924 2869 2598 2505 2513 2693 2812 2783 2517 2399 2359 2429 2445 2323 2382 2410 2556 2397 2296 2389 2252 2214 2247 2380 2218 2073 2143 2227 2302 2325 2051 1898 1835 1872 1808 1702 1657 1640 1656 1664 1720 1874 1955 2050 1996 1905 1869 1919 1965 1915 1881 1920 2019 2110 2111 2043 2010 1990 1974 1975 1962 1947 1947 1952 1957
3380 3444 3528 3346 3215 3136 3062 3000 2962 2935 2933 2934 2915 2906 2861 2858 2937 2924 2816 2736 2716 2811 2709 2591 2533 2626 2758 2637 2679 2465 2368 2352 2322 2313 2306 2334 2437 2435 2291 2290 2400 2250 2250 2351 2333 2145 2142 2223 2264 2333 2396 2221 2135 1974 2088 1947 1805 1786 1638 1671 1732 1686 1699 1768 1866 1872 1858 1844 1836 1832 1910 1978 1994 2071 2125 2123 2052 2008 1984 1963 1940 1938 1932 1920 1918 1913
3369 3289 3256 3248 3256 3233 3108 3033 2987 2942 2910 2866 2859 2886 2849 2871 2903 2962 2919 2743 2705 2849 2781 2624 2557 2644 2703 2567 2687 2640 2481 2395 2360 2354 2365 2339 2317 2291 2255 2413 2417 2221 2259 2247 2214 2143 2280 2434 2470 2500 2401 2267 2305 2225 2138 2129 1959 1819 1677 1651 1740 1755 1742 1731 1746 1798 1834 1814 1775 1837 1920 1989 2098 2142 2205 2195 2112 2067 2010 1972 1944 1924 1912 1900 1892 1888
3321 3431 3377 3219 3134 3093 3050 3008 2968 2925 2878 2859 2847 2899 2819 2842 2805 2950 2958 2773 2660 2666 2720 2703 2550 2588 2551 2526 2577 2600 2540 2420 2386 2379 2497 2542 2427 2316 2275 2282 2242 2207 2298 2212 2132 2175 2215 2289 2403 2523 2410 2220 2244 2161 2263 2386 2205 1865 1713 1650 1698 1741 1779 1796 1788 1767 1772 1791 1778 1852 1875 1911 1975 2041 2101 2146 2206 2182 2128 2029 1982 1952 1932 1920 1899 1884
3240 3369 3603 3379 3208 3140 3083 3039 3039 2944 2884 2822 2782 2913 2913 2768 2750 2818 2774 2737 2658 2584 2579 2574 2535 2481 2478 2466 2440 2444 2477 2423 2386 2454 2485 2489 2372 2362 2334 2430 2270 2220 2198 2177 2227 2280 2368 2511 2569 2524 2228 2135 2128 2155 2240 2321 2372 1946 1808 1732 1703 1710 1718 1739 1751 1757 1760 1754 1785 1824 1871 1902 1943 1977 1993 2050 2113 2178 2205 2163 2062 1996 1959 1922 1899 1885
3149 3267 3494 3337 3253 3105 3017 2966 2999 2959 2863 2821 2764 2890 2927 2774 2681 2626 2640 2676 2648 2599 2556 2508 2515 2470 2434 2416 2414 2384 2390 2390 2384 2372 2369 2373 2362 2407 2315 2381 2294 2297 2244 2234 2196 2204 2187 2251 2371 2448 2381 2157 2093 2142 2234 2376 2344 2119 1939 1974 1772 1748 1754 1735 1741 1766 1805 1817 1804 1833 1871 1915 1917 1916 1948 1986 2030 2091 2141 2151 2119 2047 1962 1928 1906 1878
3095 3153 3150 3103 3241 3142 3028 2913 2908 2843 2857 2753 2638 2671 2745 2725 2679 2624 2562 2584 2593 2583 2540 2505 2456 2483 2404 2365 2422 2418 2398 2358 2324 2342 2297 2294 2318 2343 2342 2362 2323 2301 2270 2387 2385 2170 2127 2114 2119 2164 2195 2179 2088 2291 2372 2334 2130 2161 2078 2140 1903 1824 1817 1777 1782 1768 1777 1819 1861 1872 1852 1838 1889 1927 1923 1939 1969 2027 2099 2134 2135 2136 2055 1982 1926 1891
3002 2984 2944 2926 2925 2876 2871 2806 2839 2762 2749 2736 2712 2471 2607 2659 2666 2602 2560 2476 2538 2525 2491 2445 2445 2404 2375 2354 2361 2365 2376 2342 2304 2267 2275 2244 2215 2229 2252 2276 2310 2279 2336 2407 2319 2177 2175 2210 2187 2134 2098 2080 2042 2140 2205 2222 2129 1867 1920 2120 2151 2011 1971 1907 1865 1837 1830 1844 1856 1907 1937 1924 1881 1936 1968 1963 1953 1981 2021 2080 2091 2086 2062 2018 1962 1910
2885 2911 2846 2735 2737 2666 2582 2699 2812 2760 2698 2644 2718 2592 2428 2626 2655 2599 2525 2334 2393 2446 2393 2310 2397 2380 2210 2164 2150 2153 2200 2278 2310 2274 2241 2222 2201 2201 2210 2227 2251 2254 2267 2292 2322 2237 2367 2462 2508 2403 2347 2120 2069 2049 2062 2149 1876 2108 2255 2246 2284 2144 2029 1984 1951 1886 1868 1889 1895 1924 1952 1945 1919 1903 1934 1958 1979 1983 2006 2028 2022 1996 1979 1969 1990 1963
2781 2772 2642 2582 2549 2588 2522 2706 2743 2757 2744 2689 2564 2572 2335 2599 2617 2580 2502 2332 2120 2129 2222 2109 2117 2165 2060 1980 1938 1969 2025 2089 2213 2296 2282 2266 2245 2246 2247 2222 2209 2244 2188 2199 2214 2201 2273 2315 2369 2389 2431 2197 2117 2081 2105 1940 1886 2176 2195 2242 2390 2453 2211 2044 1999 1922 1899 1900 1920 1937 1955 1983 1969 1944 1917 1950 1966 1975 2005 2032 2009 1970 1928 1914 1944 1963
2836 2719 2710 2617 2608 2495 2394 2536 2663 2683 2704 2708 2639 2469 2216 2448 2545 2476 2366 2204 2072 1999 2021 1957 1900 1905 1889 1854 1835 1883 1933 1964 2011 2192 2301 2300 2302 2332 2334 2298 2204 2173 2154 2138 2145 2133 2212 2184 2188 2243 2324 2346 2192 2131 2151 1938 2124 2274 2183 2256 2464 2480 2333 2111 2024 2003 1954 1959 1960 1949 1962 1994 2007 1990 1942 1970 1981 2008 2027 2022 2006 2001 1972 1935 1914 1902
2869 2752 2538 2683 2757 2593 2544 2432 2344 2514 2626 2653 2623 2576 2334 2307 2345 2264 2209 2212 2010 1902 1848 1803 1780 1788 1805 1791 1802 1811 1847 1905 2047 2198 2278 2322 2331 2325 2277 2149 2065 2088 2143 2089 2041 2114 2129 2030 1893 2028 2294 2458 2276 2027 1845 1921 2355 2373 2258 2490 2529 2519 2368 2305 2268 2267 2203 2156 2063 2016 2022 2028 2043 2006 1978 1990 2021 2027 1967 1946 1935 1937 1925 1910 1889 1910
2731 2598 2406 2504 2538 2407 2325 2349 2360 2242 2365 2384 2338 2269 2199 2131 2127 2039 2125 2194 2034 1901 1864 1829 1787 1757 1724 1736 1760 1771 1839 1915 1949 2008 2130 2194 2143 2128 2062 1992 1896 1866 1912 1914 1844 1889 2001 2091 2053 1895 2329 2481 2337 1974 2144 2205 2222 2260 2354 2414 2369 2419 2390 2310 2285 2268 2331 2335 2312 2181 2148 2110 2093 2005 2048 2063 2068 2021 1957 1945 1910 1881 1867 1853 1862 1811
2524 2381 2296 2273 2280 2237 2199 2192 2287 2228 2110 2088 2031 2058 1986 1910 1942 1923 2021 1937 1860 1780 1799 1839 1876 1813 1751 1715 1712 1757 1803 1838 1829 1882 1951 1973 1965 1906 1892 1861 1824 1755 1752 1756 1766 1745 1772 1823 1785 1898 2355 2334 2322 2082 1812 2072 2203 2215 2252 2261 2279 2289 2299 2357 2246 2235 2287 2384 2328 2205 2197 2181 2138 2109 2097 2114 2062 2003 1985 1932 1904 1898 1894 1908 1907 1840
2309 2235 2220 2164 2129 2103 2095 2111 2190 2321 2325 2242 2046 1948 1955 1882 1896 1888 1893 1780 1729 1751 1764 1794 1885 1862 1782 1723 1678 1722 1732 1752 1778 1805 1810 1831 1819 1777 1751 1775 1739 1706 1673 1639 1695 1674 1687 1771 1906 1911 2138 2036 1917 1835 1755 2079 2080 1995 2125 2187 2212 2202 2189 2238 2250 2251 2288 2317 2338 2292 2184 2189 2175 2283 2254 2279 2191 2080 2002 2008 1978 2043 2075 2099 2064 1886
2172 2156 2118 2123 2074 2043 2033 2090 2215 2375 2541 2356 2118 1976 1920 1864 1833 1858 1823 1750 1703 1712 1734 1790 1888 1955 1835 1717 1652 1670 1707 1716 1734 1750 1772 1746 1748 1720 1673 1671 1674 1639 1625 1560 1591 1635 1749 1707 1963 1952 1830 1919 1797 1629 1777 1892 1803 1848 2078 2142 2144 2152 2144 2174 2167 2166 2170 2227 2251 2284 2278 2176 2216 2241 2154 2226 2270 2245 2185 2233 2154 2176 2141 2143 1991 1882
2032 2061 2056 2076 2059 2001 2024 2084 2198 2422 2491 2267 2126 2004 1931 1913 1814 1830 1787 1719 1686 1683 1695 1738 1786 1861 1820 1752 1639 1621 1667 1674 1694 1727 1738 1698 1688 1666 1642 1618 1617 1583 1564 1523 1535 1603 1748 1974 2264 2314 2258 1885 1649 1685 1781 1799 1912 1751 1964 2007 2097 2048 2042 2114 2120 2056 2017 2151 2185 2179 2183 2189 2195 2226 2156 2224 2229 2247 2243 2247 2203 2200 2103 2026 1957 1888
1903 1923 1969 1977 1965 1959 2010 2076 2222 2371 2351 2180 2065 1934 1846 1848 1771 1740 1728 1689 1650 1640 1663 1682 1695 1711 1701 1696 1636 1595 1620 1655 1714 1759 1766 1739 1703 1684 1690 1671 1602 1544 1533 1607 1726 1908 2149 2252 2258 2061 1851 1712 1674 1666 1702 1774 1824 1709 1779 1925 1998 1986 1989 1893 1800 1818 1841 1953 2072 2145 2108 2117 2108 2133 2114 2158 2154 2139 2156 2119 2130 2060 2038 2003 1945 1846
