front_range.asc
ncols        592
nrows        382
xllcorner    -109.875000000000
yllcorner    37.925000000000
cellsize     0.016666666667
[rows 152 to 189 of 382, columns 430 to 515 of 592]
1206 1204 1203 1196 1190 1187 1184 1181 1180 1186 1175 1170 1169 1171 1172 1180 1168 1167 1171 1170 1168 1171 1171 1183 1170 1180 1173 1174 1177 1179 1177 1175 1179 1162 1170 1170 1174 1175 1156 1184 1166 1172 1165 1169 1157 1169 1178 1178 1165 1150 1166 1173 1179 1171 1159 1147 1154 1148 1134 1146 1134 1147 1141 1135 1135 1127 1116 1122 1104 1123 1106 1109 1101 1116 1116 1093 1082 1076 1084 1084 1077 1071 1070 1075 1058 1063
1212 1207 1205 1203 1192 1195 1188 1188 1187 1178 1192 1178 1173 1167 1165 1173 1159 1174 1156 1165 1163 1169 1169 1167 1166 1175 1168 1161 1170 1179 1170 1173 1174 1175 1170 1174 1167 1171 1173 1170 1170 1162 1172 1171 1169 1170 1169 1172 1187 1160 1173 1156 1167 1150 1142 1169 1147 1153 1137 1133 1147 1140 1125 1142 1133 1142 1122 1123 1132 1116 1106 1121 1116 1090 1093 1093 1090 1078 1085 1075 1071 1064 1075 1074 1068 1068
1223 1213 1209 1208 1215 1189 1187 1183 1175 1167 1172 1166 1162 1164 1162 1161 1157 1159 1156 1165 1159 1166 1165 1170 1170 1167 1167 1174 1170 1164 1165 1171 1172 1165 1166 1165 1167 1154 1165 1178 1162 1171 1175 1180 1180 1165 1171 1155 1152 1171 1166 1163 1165 1161 1154 1146 1147 1154 1141 1150 1135 1138 1130 1128 1140 1114 1114 1136 1113 1131 1114 1111 1115 1098 1098 1094 1083 1093 1075 1076 1072 1075 1073 1067 1061 1068
1226 1216 1207 1203 1199 1184 1184 1182 1177 1172 1168 1165 1173 1176 1177 1175 1161 1154 1156 1158 1162 1161 1172 1174 1173 1171 1170 1167 1165 1172 1164 1172 1177 1178 1174 1176 1172 1178 1156 1171 1160 1167 1161 1170 1187 1163 1155 1165 1167 1152 1169 1154 1146 1144 1151 1171 1151 1143 1159 1151 1160 1161 1134 1132 1112 1129 1121 1108 1127 1112 1102 1090 1088 1118 1090 1073 1069 1076 1068 1084 1079 1071 1066 1066 1062 1057
1245 1224 1214 1203 1196 1186 1181 1186 1189 1186 1170 1169 1186 1187 1176 1179 1171 1158 1158 1153 1156 1155 1167 1166 1161 1158 1156 1160 1168 1159 1157 1164 1174 1167 1163 1164 1167 1175 1175 1164 1164 1155 1171 1160 1167 1164 1162 1164 1174 1178 1154 1147 1154 1161 1161 1151 1164 1148 1149 1123 1127 1141 1142 1144 1121 1126 1143 1113 1113 1108 1106 1103 1096 1095 1091 1090 1090 1071 1072 1073 1064 1065 1079 1068 1067 1055
1232 1228 1225 1211 1212 1213 1199 1193 1185 1192 1181 1169 1184 1185 1187 1195 1181 1166 1158 1142 1153 1159 1174 1165 1166 1171 1164 1161 1167 1167 1159 1155 1171 1176 1170 1157 1176 1163 1169 1175 1164 1165 1169 1169 1149 1159 1169 1163 1170 1150 1142 1135 1130 1148 1168 1153 1135 1157 1157 1140 1133 1145 1142 1123 1134 1138 1118 1139 1107 1122 1097 1098 1095 1095 1082 1072 1086 1082 1075 1087 1070 1068 1068 1062 1067 1054
1223 1221 1217 1224 1208 1213 1211 1197 1190 1182 1183 1175 1169 1182 1195 1179 1170 1167 1165 1160 1143 1158 1166 1165 1161 1167 1163 1163 1162 1160 1154 1157 1172 1173 1171 1158 1160 1165 1165 1169 1160 1170 1165 1188 1155 1155 1159 1159 1164 1167 1145 1145 1148 1151 1146 1162 1147 1129 1133 1142 1137 1130 1135 1119 1137 1120 1123 1121 1135 1115 1095 1090 1086 1094 1100 1084 1089 1074 1072 1072 1064 1061 1068 1075 1055 1056
1216 1215 1213 1211 1207 1214 1207 1192 1193 1181 1190 1184 1175 1170 1183 1169 1166 1170 1159 1153 1133 1157 1166 1176 1167 1160 1159 1168 1161 1157 1157 1157 1160 1173 1174 1161 1159 1165 1160 1164 1167 1161 1171 1148 1156 1146 1163 1147 1163 1166 1146 1148 1141 1148 1136 1151 1158 1147 1132 1144 1125 1131 1134 1122 1126 1125 1134 1115 1103 1105 1099 1090 1084 1079 1084 1087 1087 1070 1071 1074 1072 1067 1063 1051 1056 1063
1222 1221 1218 1218 1214 1221 1218 1200 1198 1188 1200 1167 1168 1178 1177 1172 1181 1177 1189 1174 1145 1132 1150 1165 1163 1158 1158 1164 1159 1155 1163 1156 1156 1168 1156 1160 1162 1163 1160 1160 1168 1150 1163 1155 1156 1144 1154 1165 1151 1159 1165 1178 1168 1140 1141 1133 1129 1138 1137 1133 1130 1134 1141 1132 1115 1119 1113 1111 1100 1105 1111 1090 1089 1090 1083 1082 1088 1078 1070 1061 1073 1053 1054 1057 1049 1045
1229 1228 1220 1221 1219 1210 1211 1205 1206 1196 1180 1163 1158 1159 1175 1179 1186 1174 1180 1175 1166 1147 1124 1131 1144 1147 1153 1159 1165 1150 1152 1157 1151 1153 1157 1162 1153 1155 1159 1157 1162 1156 1147 1156 1161 1146 1143 1165 1174 1154 1145 1154 1136 1128 1137 1144 1138 1139 1144 1155 1134 1132 1142 1130 1120 1124 1114 1116 1111 1107 1101 1100 1098 1088 1080 1087 1085 1069 1078 1067 1066 1065 1050 1044 1046 1047
1215 1225 1223 1223 1225 1217 1211 1211 1207 1202 1196 1191 1164 1148 1156 1163 1164 1166 1162 1173 1164 1162 1157 1128 1115 1130 1155 1155 1152 1147 1143 1149 1153 1149 1154 1159 1152 1151 1153 1147 1152 1151 1164 1152 1151 1147 1151 1154 1161 1160 1138 1138 1144 1143 1125 1132 1137 1121 1134 1134 1149 1134 1140 1124 1122 1114 1104 1104 1113 1098 1093 1092 1089 1096 1091 1086 1080 1064 1066 1057 1061 1064 1064 1054 1049 1051
1163 1176 1201 1196 1212 1216 1210 1206 1208 1204 1200 1196 1179 1165 1148 1137 1150 1153 1177 1173 1169 1170 1167 1168 1140 1108 1137 1160 1163 1154 1160 1153 1153 1152 1159 1152 1146 1151 1153 1154 1162 1144 1149 1143 1156 1151 1154 1145 1148 1154 1151 1153 1142 1137 1137 1145 1137 1129 1135 1134 1131 1141 1132 1116 1121 1102 1095 1105 1107 1099 1097 1090 1101 1097 1085 1083 1065 1072 1070 1054 1051 1048 1055 1053 1045 1049
1112 1131 1155 1166 1164 1194 1206 1201 1205 1204 1199 1194 1190 1183 1166 1138 1139 1132 1149 1170 1178 1160 1162 1168 1156 1120 1100 1151 1152 1154 1156 1152 1149 1150 1154 1145 1147 1150 1144 1144 1145 1137 1147 1133 1146 1141 1152 1153 1157 1159 1147 1129 1131 1129 1150 1145 1137 1111 1128 1135 1137 1122 1114 1125 1113 1105 1105 1113 1112 1094 1098 1085 1087 1096 1092 1077 1064 1076 1060 1068 1052 1051 1058 1042 1042 1035
1078 1095 1116 1119 1122 1145 1157 1166 1165 1196 1189 1194 1192 1189 1185 1162 1150 1126 1123 1141 1164 1169 1148 1161 1161 1146 1104 1098 1112 1128 1137 1145 1154 1151 1152 1149 1149 1144 1144 1149 1151 1134 1142 1147 1148 1149 1143 1142 1150 1140 1140 1131 1139 1127 1122 1149 1128 1108 1122 1116 1125 1126 1131 1124 1106 1100 1110 1110 1115 1096 1091 1093 1095 1085 1080 1071 1076 1061 1066 1068 1047 1056 1042 1042 1031 1037
1072 1070 1075 1084 1104 1107 1117 1112 1134 1140 1149 1170 1187 1183 1179 1181 1178 1142 1115 1123 1135 1164 1155 1147 1157 1157 1148 1131 1104 1093 1089 1131 1151 1153 1148 1146 1144 1151 1141 1145 1143 1134 1135 1147 1138 1147 1150 1134 1145 1151 1135 1153 1144 1129 1119 1125 1146 1119 1108 1116 1119 1105 1122 1135 1105 1101 1105 1095 1106 1097 1079 1083 1075 1093 1077 1070 1070 1077 1062 1064 1055 1056 1039 1039 1033 1028
1080 1071 1067 1065 1067 1073 1079 1092 1111 1103 1123 1128 1144 1147 1141 1153 1170 1164 1133 1105 1110 1140 1165 1146 1144 1153 1150 1149 1147 1133 1089 1087 1139 1147 1144 1137 1143 1143 1139 1141 1136 1137 1133 1138 1145 1143 1146 1136 1144 1127 1142 1124 1135 1136 1122 1118 1124 1133 1127 1109 1131 1118 1120 1116 1119 1106 1102 1091 1105 1093 1095 1079 1073 1080 1081 1084 1056 1066 1063 1055 1058 1050 1051 1037 1043 1027
1118 1092 1084 1076 1072 1065 1061 1060 1069 1081 1092 1096 1109 1108 1111 1120 1129 1132 1141 1110 1089 1113 1148 1156 1134 1131 1147 1149 1147 1139 1094 1082 1133 1139 1137 1137 1133 1140 1136 1139 1133 1135 1132 1129 1128 1142 1135 1141 1137 1143 1121 1134 1141 1120 1125 1120 1108 1118 1129 1112 1118 1120 1113 1092 1100 1102 1100 1093 1105 1089 1087 1096 1080 1084 1080 1080 1063 1058 1064 1056 1052 1049 1048 1057 1036 1029
1152 1132 1124 1097 1091 1081 1076 1065 1056 1054 1055 1061 1073 1079 1093 1094 1100 1107 1111 1117 1084 1089 1116 1140 1135 1114 1130 1143 1147 1151 1130 1078 1118 1140 1138 1138 1135 1138 1138 1133 1125 1132 1121 1126 1124 1123 1138 1145 1128 1126 1107 1127 1130 1102 1119 1112 1110 1105 1123 1112 1092 1101 1094 1099 1107 1115 1098 1097 1086 1083 1095 1079 1070 1072 1082 1068 1069 1052 1056 1052 1043 1044 1043 1039 1042 1029
1176 1146 1125 1117 1125 1103 1100 1081 1066 1059 1054 1050 1048 1049 1055 1062 1062 1076 1080 1096 1081 1064 1092 1125 1121 1106 1120 1129 1129 1131 1135 1088 1086 1124 1135 1136 1134 1135 1134 1127 1128 1122 1129 1119 1120 1130 1121 1136 1122 1126 1120 1116 1123 1117 1118 1099 1113 1100 1126 1100 1115 1109 1094 1112 1094 1089 1092 1090 1082 1083 1091 1067 1073 1081 1082 1074 1070 1073 1064 1056 1048 1053 1044 1046 1044 1025
1198 1171 1153 1151 1145 1119 1132 1114 1101 1078 1074 1067 1053 1047 1043 1042 1043 1044 1050 1057 1062 1052 1075 1096 1104 1092 1102 1128 1133 1127 1121 1094 1062 1101 1127 1127 1132 1134 1130 1134 1127 1125 1124 1115 1119 1122 1119 1125 1118 1109 1119 1112 1104 1126 1121 1097 1098 1102 1108 1109 1090 1088 1098 1092 1102 1093 1095 1086 1085 1086 1083 1079 1069 1087 1068 1071 1058 1059 1051 1050 1037 1046 1048 1036 1027 1020
1225 1200 1190 1183 1154 1148 1152 1133 1109 1080 1097 1105 1085 1076 1051 1043 1038 1037 1036 1037 1037 1040 1048 1056 1072 1088 1076 1100 1113 1124 1116 1094 1055 1100 1114 1109 1119 1126 1122 1123 1119 1117 1113 1119 1124 1114 1104 1110 1116 1114 1102 1106 1090 1099 1100 1089 1086 1096 1093 1090 1088 1089 1081 1086 1081 1090 1094 1077 1077 1085 1077 1072 1084 1065 1060 1061 1066 1052 1040 1046 1037 1030 1039 1034 1028 1025
1229 1226 1218 1212 1185 1180 1170 1133 1109 1098 1119 1127 1126 1109 1101 1078 1052 1042 1035 1032 1031 1031 1030 1030 1036 1048 1062 1066 1083 1088 1089 1053 1063 1097 1104 1089 1102 1108 1103 1112 1112 1107 1106 1105 1107 1099 1095 1101 1104 1112 1098 1102 1088 1096 1105 1089 1088 1089 1104 1088 1090 1086 1088 1078 1083 1082 1087 1079 1069 1084 1079 1077 1061 1056 1060 1053 1062 1056 1052 1041 1053 1042 1030 1028 1021 1015
1219 1220 1221 1217 1205 1195 1173 1152 1123 1110 1142 1151 1166 1160 1165 1148 1111 1073 1065 1042 1032 1030 1027 1026 1024 1024 1029 1037 1043 1058 1057 1033 1058 1074 1070 1067 1090 1099 1096 1102 1101 1102 1096 1093 1095 1092 1095 1100 1097 1101 1092 1092 1082 1099 1094 1091 1088 1081 1092 1088 1083 1072 1072 1079 1086 1087 1071 1077 1075 1066 1080 1069 1060 1069 1052 1044 1059 1057 1049 1038 1031 1029 1016 1006 1013 998
1227 1223 1215 1210 1206 1181 1159 1138 1121 1111 1131 1165 1184 1188 1185 1181 1149 1136 1130 1105 1075 1045 1035 1029 1024 1021 1019 1019 1018 1023 1024 1022 1027 1041 1044 1065 1075 1083 1091 1092 1090 1095 1099 1099 1089 1090 1090 1091 1082 1087 1093 1100 1086 1091 1081 1075 1080 1087 1076 1071 1073 1065 1071 1075 1078 1079 1072 1064 1074 1071 1064 1061 1061 1070 1051 1056 1055 1048 1042 1037 1035 1030 1025 1019 1007 1017
1232 1230 1222 1211 1197 1187 1185 1160 1129 1133 1141 1154 1173 1186 1184 1182 1176 1177 1171 1142 1102 1091 1096 1055 1041 1031 1025 1018 1015 1013 1013 1015 1017 1023 1029 1039 1042 1055 1065 1077 1064 1070 1084 1083 1084 1079 1070 1085 1083 1078 1080 1078 1073 1083 1078 1077 1086 1078 1070 1072 1068 1074 1067 1078 1067 1081 1077 1059 1064 1069 1060 1055 1055 1058 1049 1050 1048 1040 1045 1035 1035 1028 1024 1015 1009 999
1230 1226 1220 1210 1201 1172 1161 1148 1141 1158 1175 1168 1185 1189 1184 1180 1178 1176 1179 1156 1132 1138 1123 1103 1075 1080 1057 1052 1060 1033 1014 1010 1010 1011 1019 1014 1014 1017 1029 1040 1029 1049 1072 1078 1075 1063 1053 1080 1072 1064 1065 1069 1069 1066 1064 1072 1066 1070 1065 1064 1066 1063 1054 1064 1055 1064 1077 1048 1054 1051 1053 1057 1053 1041 1052 1047 1045 1049 1036 1028 1030 1024 1009 1016 1007 1002
1229 1225 1219 1202 1181 1157 1151 1158 1160 1175 1189 1190 1193 1190 1185 1179 1175 1173 1171 1176 1180 1178 1160 1140 1118 1105 1090 1106 1103 1085 1064 1039 1028 1014 1006 1004 1004 1003 1002 1003 1012 1024 1040 1045 1047 1047 1031 1064 1044 1044 1054 1050 1066 1060 1063 1065 1064 1066 1055 1057 1053 1045 1040 1042 1043 1053 1049 1049 1055 1056 1051 1054 1045 1043 1044 1038 1043 1036 1038 1027 1023 1019 1007 1005 1001 1006
1225 1216 1204 1190 1165 1162 1177 1190 1185 1187 1199 1203 1198 1191 1184 1180 1175 1172 1168 1167 1168 1180 1172 1158 1150 1136 1123 1129 1134 1131 1114 1096 1076 1080 1051 1032 1028 1008 999 996 996 995 996 1004 1008 1013 1012 1021 1020 1028 1038 1037 1040 1045 1050 1053 1048 1042 1052 1044 1047 1041 1028 1018 1024 1035 1041 1043 1044 1045 1042 1049 1036 1037 1045 1032 1029 1035 1027 1021 1019 1019 1014 1003 1001 1001
1225 1216 1201 1193 1173 1186 1186 1188 1187 1182 1187 1194 1200 1194 1187 1181 1176 1171 1168 1163 1162 1163 1175 1169 1153 1149 1144 1141 1138 1135 1132 1131 1128 1127 1084 1052 1068 1057 1043 1019 1014 1003 997 994 993 993 993 993 994 996 1001 1016 1022 1016 1041 1039 1034 1035 1038 1039 1037 1028 1016 1008 1015 1025 1027 1032 1028 1042 1029 1027 1034 1030 1031 1026 1026 1030 1021 1019 1017 1007 1000 994 995 995
1216 1207 1195 1182 1192 1190 1188 1189 1189 1184 1188 1191 1196 1192 1184 1181 1175 1171 1165 1162 1158 1157 1156 1163 1160 1148 1144 1141 1138 1136 1133 1129 1130 1120 1090 1068 1094 1093 1067 1057 1059 1056 1043 1023 1010 1015 1002 998 993 993 993 993 994 996 1001 1010 1018 1020 1027 1029 1027 1015 1006 997 1004 1003 1006 1017 1024 1030 1024 1021 1031 1030 1029 1029 1027 1018 1020 1018 1010 1001 1003 994 986 980
1209 1205 1198 1199 1197 1195 1193 1192 1190 1190 1192 1195 1191 1192 1192 1183 1173 1168 1163 1159 1158 1155 1152 1152 1153 1150 1144 1139 1137 1133 1127 1123 1113 1107 1105 1118 1122 1141 1104 1105 1099 1091 1062 1047 1035 1051 1034 1031 1020 1013 997 993 993 993 993 993 993 997 997 999 999 998 993 978 973 971 972 990 1000 1003 1000 1004 1014 1017 1018 1018 1014 1010 1016 1015 1004 997 993 984 977 966
1205 1202 1201 1197 1195 1194 1198 1198 1196 1197 1193 1190 1190 1186 1184 1188 1180 1172 1168 1162 1159 1157 1153 1150 1151 1156 1151 1142 1136 1135 1136 1134 1131 1130 1134 1140 1139 1149 1153 1144 1146 1138 1092 1075 1063 1082 1070 1058 1049 1053 1023 1008 1002 995 993 993 993 993 993 993 993 993 967 960 955 952 950 948 950 964 976 997 1002 1004 1008 1010 1011 1005 1008 996 987 992 983 977 968 962
1203 1201 1205 1206 1202 1203 1208 1207 1204 1198 1193 1192 1192 1188 1184 1183 1182 1179 1171 1165 1161 1158 1154 1149 1147 1149 1154 1148 1142 1140 1137 1136 1135 1132 1129 1134 1138 1136 1139 1144 1127 1126 1134 1098 1086 1107 1122 1085 1096 1076 1061 1044 1035 1015 1010 1005 996 993 993 993 993 993 969 955 951 948 946 945 943 943 944 953 962 988 992 998 1011 999 992 989 988 984 979 968 958 951
1212 1203 1206 1218 1217 1214 1212 1208 1203 1199 1198 1196 1194 1191 1187 1183 1180 1177 1171 1166 1162 1158 1154 1151 1148 1148 1151 1152 1147 1136 1133 1131 1130 1128 1123 1121 1123 1127 1119 1112 1123 1118 1117 1129 1104 1114 1125 1124 1132 1122 1097 1079 1077 1056 1042 1048 1034 1017 1010 1012 1008 1012 1016 1019 1005 993 979 966 952 942 939 937 938 939 948 960 972 971 974 981 968 964 958 945 938 932
1227 1220 1194 1209 1220 1217 1214 1210 1205 1201 1198 1195 1192 1188 1189 1186 1179 1174 1172 1165 1161 1157 1153 1150 1149 1152 1145 1141 1142 1139 1133 1129 1127 1122 1116 1110 1107 1110 1114 1113 1117 1128 1121 1120 1133 1120 1110 1119 1119 1118 1111 1089 1088 1095 1071 1067 1055 1049 1050 1046 1047 1060 1057 1043 1030 1028 1024 1011 1003 985 966 949 939 935 932 931 932 934 936 935 930 928 923 917 915 913
1210 1214 1199 1186 1213 1219 1215 1210 1208 1205 1200 1194 1190 1189 1188 1186 1183 1177 1169 1163 1162 1160 1155 1151 1149 1146 1141 1136 1132 1133 1133 1122 1122 1121 1119 1115 1111 1108 1111 1114 1114 1116 1125 1121 1108 1124 1113 1099 1106 1106 1108 1103 1078 1068 1081 1083 1054 1041 1039 1050 1054 1057 1062 1057 1045 1033 1028 1031 1020 1011 1007 992 981 960 952 946 939 933 930 925 923 921 919 917 916 916
1181 1178 1173 1171 1179 1183 1186 1198 1196 1199 1200 1197 1194 1191 1187 1185 1182 1177 1173 1168 1158 1155 1151 1144 1137 1133 1135 1132 1129 1131 1135 1130 1124 1120 1117 1116 1113 1108 1107 1108 1111 1107 1104 1115 1111 1094 1109 1101 1083 1088 1086 1086 1076 1066 1049 1060 1048 1042 1029 1029 1037 1035 1036 1029 1020 1017 1015 1011 1015 1008 1010 1010 1007 998 998 991 987 978 968 963 957 951 948 949 948 955
1208 1201 1189 1179 1168 1162 1157 1157 1165 1169 1181 1194 1193 1188 1187 1180 1176 1173 1166 1163 1158 1148 1143 1138 1137 1130 1126 1132 1125 1129 1128 1129 1125 1117 1111 1109 1109 1106 1101 1097 1099 1101 1093 1094 1094 1083 1071 1083 1086 1063 1060 1059 1049 1043 1031 1020 1015 1009 1000 994 992 991 985 983 978 977 978 976 973 974 979 981 982 976 976 972 972 975 975 971 969 966 963 957 946 937
