front_range.asc
ncols        592
nrows        382
xllcorner    -109.875000000000
yllcorner    37.925000000000
cellsize     0.016666666667
[rows 0 to 37 of 382, columns 258 to 343 of 592]
1440 1440 1426 1416 1398 1382 1377 1377 1374 1366 1335 1354 1350 1352 1358 1363 1345 1357 1332 1321 1312 1307 1304 1300 1296 1294 1297 1293 1288 1286 1291 1296 1299 1300 1281 1264 1266 1294 1290 1308 1316 1308 1286 1272 1270 1261 1277 1295 1287 1278 1302 1304 1289 1290 1302 1293 1306 1328 1330 1336 1367 1405 1439 1397 1432 1457 1454 1481 1592 1583 1542 1510 1494 1499 1502 1511 1580 1662 1719 1746 1730 1716 1677 1637 1685 1723
1422 1417 1410 1394 1382 1378 1373 1368 1368 1366 1366 1365 1378 1376 1398 1395 1360 1393 1368 1349 1325 1316 1310 1314 1301 1305 1308 1313 1319 1311 1309 1303 1295 1293 1286 1269 1276 1296 1324 1316 1327 1314 1290 1289 1279 1277 1273 1282 1296 1290 1293 1301 1295 1293 1312 1304 1306 1318 1338 1351 1343 1379 1402 1374 1396 1384 1422 1441 1487 1521 1552 1540 1543 1520 1517 1538 1604 1627 1679 1712 1731 1757 1725 1667 1704 1737
1420 1411 1417 1401 1404 1398 1385 1385 1379 1378 1383 1365 1383 1392 1411 1380 1368 1389 1417 1406 1377 1347 1335 1325 1307 1312 1320 1326 1347 1334 1325 1340 1323 1331 1276 1285 1307 1310 1303 1323 1348 1334 1314 1312 1303 1291 1278 1272 1287 1286 1293 1304 1324 1321 1309 1317 1310 1332 1328 1347 1370 1350 1365 1411 1442 1414 1397 1419 1453 1479 1497 1492 1492 1503 1502 1538 1589 1585 1631 1666 1709 1753 1725 1708 1711 1766
1444 1430 1451 1410 1421 1407 1410 1407 1398 1394 1393 1386 1394 1409 1405 1375 1393 1410 1422 1430 1391 1349 1331 1319 1313 1325 1329 1335 1354 1359 1356 1350 1326 1304 1275 1302 1327 1346 1328 1321 1324 1343 1330 1317 1306 1294 1281 1289 1278 1280 1290 1306 1322 1326 1306 1316 1320 1337 1348 1340 1364 1371 1389 1436 1473 1482 1426 1417 1438 1457 1468 1495 1539 1551 1542 1536 1537 1548 1588 1645 1702 1721 1741 1772 1725 1784
1461 1451 1457 1431 1436 1435 1447 1418 1422 1425 1426 1423 1413 1401 1394 1395 1408 1431 1440 1424 1383 1355 1335 1325 1327 1331 1343 1343 1361 1365 1358 1329 1293 1280 1288 1294 1310 1335 1352 1353 1356 1337 1335 1324 1304 1290 1292 1300 1295 1284 1286 1295 1313 1334 1309 1317 1326 1334 1357 1347 1349 1370 1372 1400 1426 1460 1432 1444 1452 1476 1489 1505 1598 1756 1620 1570 1554 1573 1584 1641 1675 1718 1753 1782 1765 1779
1490 1474 1484 1468 1469 1447 1457 1438 1442 1448 1445 1449 1441 1420 1399 1411 1430 1437 1438 1412 1379 1355 1341 1329 1330 1324 1318 1324 1321 1329 1317 1303 1285 1301 1320 1333 1301 1319 1335 1348 1376 1354 1339 1325 1306 1304 1299 1321 1316 1296 1295 1292 1306 1328 1323 1331 1354 1346 1364 1367 1360 1367 1379 1372 1407 1457 1427 1448 1480 1517 1564 1560 1615 1676 1673 1632 1597 1590 1598 1657 1691 1692 1753 1795 1818 1776
1480 1462 1463 1479 1461 1443 1450 1432 1408 1415 1420 1428 1439 1440 1425 1423 1444 1439 1424 1400 1413 1401 1395 1356 1323 1313 1310 1312 1302 1294 1292 1300 1301 1324 1340 1365 1330 1308 1317 1349 1348 1368 1356 1348 1325 1329 1315 1325 1337 1310 1305 1300 1300 1314 1337 1356 1379 1369 1368 1380 1365 1368 1388 1389 1379 1423 1413 1443 1465 1491 1514 1561 1561 1621 1725 1669 1638 1621 1656 1670 1694 1703 1717 1776 1821 1821
1444 1452 1433 1462 1479 1434 1411 1402 1395 1401 1409 1402 1411 1417 1415 1429 1440 1437 1439 1437 1448 1451 1413 1360 1329 1319 1312 1307 1295 1305 1323 1332 1329 1326 1353 1382 1360 1345 1314 1315 1344 1363 1378 1378 1355 1362 1353 1338 1332 1318 1309 1311 1311 1306 1326 1346 1371 1395 1366 1377 1370 1376 1395 1393 1385 1395 1410 1456 1479 1484 1535 1573 1568 1615 1653 1649 1694 1684 1729 1697 1689 1717 1737 1754 1792 1824
1424 1419 1418 1422 1449 1424 1421 1415 1399 1386 1393 1383 1374 1401 1404 1426 1446 1445 1444 1458 1458 1439 1381 1349 1330 1317 1314 1307 1301 1315 1324 1353 1358 1347 1359 1386 1387 1350 1347 1327 1322 1330 1348 1378 1407 1391 1370 1347 1331 1326 1334 1338 1340 1330 1314 1328 1352 1378 1378 1371 1388 1390 1405 1403 1402 1404 1413 1455 1492 1529 1537 1547 1584 1592 1609 1680 1718 1692 1720 1697 1697 1715 1742 1755 1776 1809
1461 1430 1411 1401 1413 1417 1402 1390 1397 1410 1398 1383 1385 1379 1389 1407 1431 1432 1425 1431 1444 1419 1407 1346 1327 1316 1307 1304 1310 1333 1338 1323 1337 1369 1382 1399 1387 1392 1388 1351 1333 1330 1357 1380 1391 1413 1387 1360 1353 1341 1349 1350 1337 1319 1306 1307 1330 1325 1331 1347 1370 1384 1380 1396 1376 1400 1424 1434 1476 1514 1528 1534 1543 1550 1543 1601 1652 1591 1647 1677 1699 1727 1738 1768 1790 1812
1446 1444 1429 1410 1396 1388 1393 1394 1390 1394 1398 1397 1387 1371 1370 1392 1417 1411 1400 1423 1411 1378 1394 1355 1325 1314 1307 1309 1314 1334 1356 1356 1333 1343 1367 1382 1413 1407 1391 1381 1357 1335 1345 1356 1382 1396 1410 1408 1393 1362 1357 1342 1329 1321 1299 1296 1307 1315 1311 1330 1354 1349 1353 1369 1350 1356 1397 1431 1459 1496 1513 1477 1468 1498 1515 1539 1601 1629 1616 1632 1662 1693 1733 1761 1793 1822
1418 1412 1414 1421 1415 1394 1386 1389 1377 1348 1369 1367 1373 1365 1357 1356 1376 1376 1379 1386 1394 1371 1346 1336 1316 1313 1316 1318 1325 1329 1354 1376 1363 1342 1370 1390 1408 1429 1407 1385 1380 1358 1341 1349 1358 1370 1393 1420 1431 1407 1373 1338 1320 1319 1301 1295 1290 1310 1302 1313 1326 1320 1341 1356 1339 1329 1358 1408 1454 1477 1494 1470 1519 1524 1515 1529 1603 1670 1661 1592 1636 1670 1707 1737 1765 1795
1428 1425 1410 1398 1394 1390 1389 1380 1384 1369 1379 1380 1386 1388 1372 1393 1390 1367 1342 1339 1335 1338 1329 1320 1320 1324 1330 1344 1349 1330 1352 1372 1390 1366 1351 1381 1410 1443 1440 1424 1421 1388 1360 1347 1366 1394 1420 1446 1425 1397 1381 1348 1326 1311 1306 1287 1286 1283 1297 1294 1297 1306 1330 1328 1321 1311 1329 1369 1404 1434 1471 1450 1506 1558 1573 1565 1567 1580 1577 1557 1595 1637 1674 1706 1738 1771
1447 1448 1434 1412 1401 1397 1407 1394 1407 1400 1398 1404 1414 1416 1412 1397 1420 1394 1344 1342 1365 1349 1342 1344 1335 1338 1337 1355 1367 1355 1339 1369 1398 1396 1367 1366 1390 1422 1463 1443 1407 1414 1379 1361 1361 1390 1396 1403 1411 1370 1351 1339 1331 1314 1299 1296 1287 1274 1272 1286 1284 1288 1310 1307 1307 1296 1307 1338 1372 1393 1431 1432 1474 1512 1519 1576 1540 1539 1511 1567 1604 1650 1681 1702 1725 1755
1436 1433 1430 1418 1415 1410 1414 1407 1416 1425 1425 1418 1403 1409 1400 1395 1372 1357 1378 1395 1380 1407 1390 1364 1358 1358 1345 1363 1368 1365 1343 1356 1389 1407 1407 1374 1388 1426 1447 1456 1439 1452 1425 1394 1371 1367 1376 1381 1392 1365 1336 1324 1316 1310 1301 1292 1288 1292 1280 1265 1276 1272 1285 1287 1294 1284 1303 1321 1349 1363 1403 1416 1463 1475 1502 1545 1517 1504 1627 1674 1740 1735 1833 1820 1731 1722
1455 1465 1450 1455 1446 1427 1426 1417 1423 1437 1422 1411 1395 1384 1387 1381 1361 1403 1424 1438 1415 1433 1407 1387 1380 1363 1364 1380 1372 1365 1360 1355 1387 1419 1408 1400 1378 1399 1427 1453 1476 1472 1458 1440 1409 1378 1392 1411 1416 1371 1349 1330 1322 1330 1317 1293 1281 1273 1282 1282 1268 1261 1268 1287 1281 1276 1300 1316 1333 1338 1375 1391 1426 1456 1477 1542 1461 1512 1674 1712 1813 1792 1900 1810 1717 1698
1484 1483 1474 1488 1490 1471 1433 1418 1424 1433 1432 1409 1398 1380 1377 1367 1368 1386 1413 1438 1450 1439 1442 1422 1389 1384 1401 1416 1390 1375 1367 1354 1373 1406 1424 1410 1395 1390 1415 1425 1459 1487 1461 1429 1413 1397 1387 1414 1429 1399 1361 1339 1319 1312 1311 1300 1286 1282 1270 1266 1270 1259 1269 1276 1264 1273 1282 1299 1319 1321 1347 1378 1387 1423 1468 1492 1428 1481 1602 1635 1750 1722 1757 1804 1695 1723
1494 1509 1504 1504 1484 1466 1443 1418 1422 1420 1409 1402 1379 1377 1392 1417 1395 1407 1398 1428 1460 1461 1473 1436 1431 1438 1472 1452 1415 1390 1385 1360 1370 1391 1432 1424 1416 1400 1413 1452 1458 1483 1455 1452 1470 1445 1415 1401 1414 1429 1383 1357 1334 1322 1316 1314 1315 1316 1287 1277 1266 1256 1247 1251 1268 1292 1301 1294 1302 1322 1333 1371 1362 1401 1463 1468 1454 1525 1546 1584 1690 1675 1648 1662 1723 1879
1477 1497 1494 1484 1480 1446 1432 1416 1414 1414 1402 1395 1390 1389 1396 1431 1421 1425 1422 1426 1448 1484 1501 1485 1483 1481 1473 1446 1422 1413 1385 1373 1377 1389 1428 1445 1436 1423 1411 1441 1484 1506 1487 1488 1504 1483 1456 1428 1419 1440 1444 1393 1374 1362 1351 1330 1322 1315 1302 1282 1267 1257 1248 1242 1248 1280 1305 1294 1306 1319 1341 1348 1351 1388 1431 1464 1428 1499 1492 1544 1605 1667 1586 1635 1740 1813
1458 1465 1480 1471 1457 1457 1440 1421 1411 1405 1397 1407 1423 1417 1396 1411 1414 1426 1437 1455 1444 1466 1501 1488 1474 1457 1432 1423 1411 1392 1384 1384 1398 1398 1425 1467 1457 1449 1423 1426 1468 1484 1487 1472 1496 1493 1487 1468 1453 1434 1459 1451 1380 1351 1337 1330 1314 1307 1329 1324 1293 1273 1267 1247 1237 1253 1272 1276 1292 1307 1326 1345 1327 1355 1393 1436 1418 1470 1471 1515 1594 1682 1588 1631 1628 1653
1477 1454 1441 1442 1450 1433 1437 1425 1410 1408 1403 1414 1438 1439 1419 1403 1421 1436 1451 1463 1464 1473 1493 1515 1497 1465 1482 1467 1419 1410 1413 1394 1422 1433 1453 1484 1465 1459 1448 1430 1442 1466 1457 1429 1433 1462 1436 1456 1497 1470 1455 1444 1383 1343 1320 1306 1300 1285 1285 1308 1311 1283 1273 1259 1236 1239 1246 1270 1293 1306 1320 1326 1321 1315 1348 1394 1399 1426 1478 1533 1624 1643 1623 1570 1585 1665
1485 1477 1461 1440 1426 1424 1420 1419 1415 1420 1428 1429 1448 1452 1433 1414 1417 1424 1441 1459 1469 1483 1506 1521 1504 1505 1506 1475 1433 1436 1428 1411 1418 1450 1497 1510 1483 1476 1472 1448 1453 1431 1428 1411 1395 1419 1402 1405 1437 1463 1466 1431 1374 1365 1350 1328 1310 1299 1279 1271 1284 1297 1270 1252 1246 1232 1232 1253 1263 1290 1327 1329 1302 1295 1323 1363 1386 1412 1500 1561 1590 1588 1611 1540 1528 1661
1455 1449 1439 1436 1437 1447 1448 1434 1420 1429 1437 1469 1463 1454 1437 1423 1423 1429 1446 1454 1475 1486 1514 1528 1542 1524 1502 1475 1445 1455 1443 1441 1444 1448 1471 1482 1466 1462 1450 1444 1431 1418 1393 1394 1377 1395 1382 1370 1392 1412 1432 1419 1381 1347 1336 1333 1316 1307 1283 1265 1255 1264 1275 1260 1245 1234 1222 1235 1242 1258 1276 1304 1291 1284 1313 1343 1370 1437 1506 1553 1548 1535 1544 1575 1477 1522
1445 1447 1456 1456 1461 1467 1455 1436 1428 1438 1454 1478 1470 1441 1437 1430 1431 1433 1457 1479 1465 1483 1511 1504 1507 1517 1509 1501 1498 1513 1491 1493 1476 1474 1451 1431 1428 1441 1444 1420 1407 1405 1409 1378 1366 1368 1383 1357 1364 1384 1398 1402 1417 1373 1329 1317 1309 1296 1301 1282 1268 1260 1249 1241 1243 1240 1221 1227 1230 1236 1243 1257 1277 1270 1279 1295 1337 1452 1505 1514 1507 1480 1505 1545 1485 1430
1474 1466 1482 1460 1467 1481 1459 1438 1445 1445 1454 1471 1454 1446 1442 1437 1445 1445 1454 1478 1468 1474 1494 1499 1474 1480 1493 1512 1517 1514 1513 1513 1492 1457 1435 1417 1410 1423 1425 1433 1403 1381 1384 1396 1369 1351 1358 1356 1345 1365 1366 1384 1386 1382 1350 1318 1297 1290 1283 1286 1287 1293 1275 1259 1236 1221 1215 1216 1231 1240 1239 1248 1257 1268 1254 1265 1279 1359 1475 1473 1459 1444 1476 1505 1453 1414
1495 1486 1494 1482 1471 1465 1452 1442 1456 1468 1470 1477 1461 1451 1453 1459 1470 1464 1475 1471 1466 1475 1489 1508 1475 1451 1460 1490 1493 1475 1472 1470 1488 1483 1447 1419 1409 1398 1411 1414 1409 1389 1365 1375 1378 1352 1337 1350 1337 1343 1343 1370 1364 1360 1362 1336 1317 1301 1290 1282 1266 1272 1292 1291 1265 1245 1224 1210 1210 1220 1229 1232 1232 1255 1252 1254 1265 1272 1332 1391 1408 1381 1408 1448 1443 1404
1504 1513 1517 1510 1476 1471 1454 1453 1472 1469 1468 1470 1467 1459 1465 1482 1494 1482 1494 1483 1457 1457 1469 1485 1463 1453 1433 1454 1459 1448 1434 1437 1457 1453 1427 1407 1402 1404 1384 1395 1408 1399 1365 1349 1367 1372 1338 1325 1330 1329 1328 1350 1366 1346 1354 1347 1336 1331 1310 1291 1278 1260 1259 1278 1268 1269 1255 1226 1206 1211 1222 1221 1215 1231 1251 1240 1259 1250 1265 1277 1299 1302 1331 1352 1400 1406
1521 1538 1525 1501 1479 1466 1461 1473 1493 1508 1493 1475 1472 1469 1470 1489 1478 1479 1482 1483 1460 1449 1450 1480 1462 1437 1423 1415 1428 1435 1413 1413 1433 1427 1420 1397 1396 1393 1384 1377 1374 1389 1377 1353 1342 1362 1365 1334 1318 1323 1317 1338 1361 1340 1339 1345 1318 1309 1308 1311 1297 1277 1253 1251 1267 1252 1262 1257 1230 1202 1199 1206 1203 1216 1241 1234 1245 1233 1241 1259 1297 1321 1354 1336 1319 1357
1543 1528 1513 1500 1487 1474 1474 1488 1498 1510 1497 1487 1485 1505 1496 1475 1469 1470 1463 1466 1467 1446 1443 1461 1470 1450 1421 1401 1403 1406 1405 1392 1411 1400 1416 1404 1390 1384 1376 1365 1355 1352 1369 1367 1347 1331 1356 1357 1327 1312 1308 1326 1347 1341 1325 1332 1322 1301 1290 1289 1296 1288 1266 1252 1243 1245 1236 1248 1265 1228 1208 1193 1193 1201 1222 1237 1223 1222 1231 1254 1293 1297 1317 1308 1299 1306
1550 1536 1520 1506 1482 1474 1487 1512 1503 1508 1517 1514 1501 1508 1520 1484 1476 1474 1454 1444 1440 1454 1425 1437 1445 1439 1433 1413 1387 1378 1396 1382 1386 1385 1404 1397 1393 1396 1400 1393 1373 1350 1339 1341 1343 1327 1322 1333 1336 1330 1311 1303 1316 1338 1325 1319 1333 1328 1299 1280 1272 1286 1293 1286 1264 1247 1234 1225 1228 1226 1214 1205 1190 1192 1212 1235 1227 1212 1214 1234 1273 1282 1276 1281 1289 1281
1554 1530 1513 1497 1486 1490 1501 1505 1517 1503 1500 1505 1476 1477 1497 1495 1490 1487 1473 1452 1433 1426 1418 1408 1418 1415 1411 1411 1400 1375 1371 1388 1367 1371 1389 1387 1381 1397 1406 1401 1372 1359 1351 1344 1337 1326 1319 1309 1307 1317 1322 1302 1295 1315 1319 1307 1327 1336 1312 1291 1272 1262 1276 1280 1293 1282 1276 1251 1231 1214 1200 1206 1207 1184 1192 1212 1235 1212 1203 1215 1243 1267 1262 1261 1277 1268
1557 1541 1517 1504 1493 1510 1520 1514 1513 1483 1470 1474 1460 1454 1461 1469 1490 1493 1471 1465 1446 1451 1445 1420 1408 1389 1388 1388 1398 1382 1363 1373 1372 1354 1375 1373 1369 1382 1391 1412 1405 1403 1386 1363 1355 1361 1348 1325 1310 1298 1314 1324 1298 1293 1310 1299 1325 1340 1311 1295 1286 1278 1259 1253 1268 1268 1271 1282 1264 1250 1217 1194 1194 1184 1186 1200 1221 1222 1196 1202 1221 1254 1246 1249 1275 1262
1552 1543 1528 1508 1503 1526 1547 1532 1510 1478 1464 1457 1452 1450 1448 1453 1474 1483 1473 1470 1464 1478 1481 1480 1477 1420 1394 1379 1368 1363 1355 1350 1358 1347 1345 1360 1359 1373 1372 1392 1395 1406 1419 1401 1387 1364 1345 1329 1314 1300 1294 1305 1311 1286 1289 1293 1318 1349 1333 1306 1282 1273 1266 1258 1242 1250 1245 1267 1252 1251 1254 1215 1194 1194 1178 1183 1200 1216 1200 1191 1206 1242 1243 1232 1256 1258
1568 1554 1537 1519 1523 1511 1518 1521 1498 1475 1462 1454 1448 1444 1440 1439 1456 1464 1452 1464 1464 1471 1474 1465 1458 1437 1417 1394 1381 1369 1361 1355 1344 1338 1333 1336 1351 1351 1364 1380 1364 1385 1414 1407 1381 1383 1378 1355 1328 1308 1298 1288 1289 1290 1278 1300 1322 1330 1336 1321 1303 1289 1279 1265 1251 1244 1228 1236 1235 1226 1252 1239 1213 1201 1183 1173 1178 1192 1205 1182 1194 1222 1235 1218 1241 1244
1572 1562 1551 1541 1534 1501 1489 1488 1485 1475 1464 1459 1459 1450 1439 1435 1435 1445 1440 1453 1455 1457 1477 1472 1464 1437 1453 1458 1444 1395 1382 1369 1368 1363 1344 1329 1343 1342 1348 1364 1348 1376 1376 1399 1381 1361 1367 1369 1357 1334 1320 1302 1292 1279 1271 1287 1311 1307 1319 1330 1302 1285 1286 1278 1276 1270 1250 1223 1220 1217 1212 1210 1209 1200 1203 1181 1169 1178 1195 1177 1188 1206 1223 1208 1231 1247
1583 1578 1577 1568 1542 1511 1488 1478 1472 1470 1465 1461 1463 1466 1452 1440 1432 1427 1429 1433 1430 1452 1452 1471 1470 1480 1498 1501 1498 1438 1411 1392 1372 1356 1341 1331 1326 1325 1326 1351 1336 1341 1359 1370 1373 1360 1345 1342 1358 1338 1321 1317 1321 1300 1278 1267 1287 1289 1316 1343 1333 1314 1299 1281 1265 1255 1249 1240 1247 1238 1226 1200 1192 1193 1207 1202 1176 1164 1175 1173 1192 1212 1215 1197 1222 1243
1548 1551 1555 1553 1536 1542 1518 1490 1475 1476 1468 1463 1461 1456 1451 1444 1437 1428 1426 1425 1412 1418 1420 1428 1418 1427 1421 1408 1394 1388 1390 1381 1382 1375 1360 1348 1342 1327 1313 1314 1326 1319 1332 1338 1338 1370 1364 1338 1324 1338 1330 1304 1297 1292 1290 1271 1267 1277 1303 1318 1315 1329 1308 1292 1286 1296 1280 1268 1255 1248 1233 1223 1196 1185 1183 1192 1190 1166 1162 1177 1195 1218 1217 1189 1206 1233
1527 1523 1524 1545 1531 1520 1521 1509 1498 1491 1488 1472 1473 1468 1454 1449 1440 1424 1419 1420 1427 1444 1428 1396 1403 1388 1378 1372 1365 1359 1356 1355 1354 1353 1351 1343 1342 1348 1341 1317 1304 1300 1307 1319 1317 1345 1348 1338 1319 1310 1319 1318 1307 1294 1278 1269 1256 1268 1292 1288 1290 1323 1336 1308 1318 1322 1308 1284 1267 1255 1222 1220 1232 1206 1189 1176 1179 1173 1158 1158 1175 1208 1203 1180 1191 1218
